   
   8/17 - C# minor MM
   std::vector<int> tones{61, 63, 64, 66, 68, 69, 71, 73, 75, 76, 78, 80, 81, 83, 85};
    PND c_sharp_pnd(61, tones, {2, 0, 4, 2, 8, 6, 0, 2, 0, 2, 1, 4, 3, 0, 1});
    PND d_sharp_pnd(61, tones, {0, 2, 0, 6, 2, 8, 2, 0, 1, 0, 3, 1, 4, 1, 0});
    PND e_pnd(61, tones, {4, 0, 2, 0, 8, 2, 4, 4, 0, 1, 0, 4, 1, 2, 0});
    PND f_sharp_pnd(61, tones, {2, 4, 0, 4, 0, 6, 4, 1, 2, 0, 2, 0, 3, 2, 0});
    PND g_sharp_pnd(61, tones, {4, 6, 2, 0, 4, 0, 4, 2, 3, 1, 0, 2, 0, 2, 0});
    PND a_pnd(61, tones, {4, 0, 8, 4, 2, 2, 0, 4, 0, 4, 2, 1, 1, 0, 0});
    PND b_pnd(61, tones, {0, 2, 3, 1, 4, 0, 2, 0, 3, 2, 1, 4, 0, 1, 0});
    PND c_sharp2_pnd(61, tones, {1, 0, 2, 1, 5, 4, 0, 1, 0, 3, 1, 4, 3, 0, 1});
    PND d_sharp2_pnd(61, tones, {0, 1, 0, 3, 1, 4, 1, 0, 2, 0, 5, 2, 6, 2, 0});
    PND e2_pnd(61, tones, {2, 0, 1, 0, 4, 1, 2, 2, 0, 2, 0, 5, 2, 4, 0});
    PND f_sharp2_pnd(61, tones, {1, 2, 0, 2, 0, 3, 3, 1, 3, 0, 3, 0, 4, 3, 0});
    PND g_sharp2_pnd(61, tones, {2, 3, 1, 0, 2, 0, 2, 2, 4, 2, 0, 4, 0, 3, 0});
    PND a2_pnd(61, tones, {2, 0, 4, 2, 1, 1, 0, 3, 0, 5, 3, 1, 2, 0, 0});
    PND b2_pnd(61, tones, {0, 2, 2, 1, 3, 0, 1, 0, 3, 3, 1, 4, 0, 2, 0});
    PND c_sharp3_pnd(61, tones, {1, 0, 2, 1, 4, 3, 0, 2, 0, 3, 1, 5, 4, 0, 1});